{
    "name": "SANDBOX 1 test",
    "description": "",
    "creator": "",
    "version": "",
    "planets": [
        {
            "name": "SANDDBOXX test",
            "mass": 10000,
            "position_x": 25700,
            "position_y": -4400.00390625,
            "velocity_x": 23.36835479736328,
            "velocity_y": 136.49234008789062,
            "required_thrust_to_move": 0,
            "starting_planet": true,
            "respawn": false,
            "start_destroyed": false,
            "min_spawn_delay": 0,
            "max_spawn_delay": 0,
            "planetCSG": [
                {
                    "proj": "BP_Bend",
                    "spec": "/pa/terrain/grass/features/grass_tree_02.json",
                    "height": 500.08465576171875,
                    "op": "BO_Add",
                    "position": [
                        2.8308029174804688,
                        427.0927734375,
                        -260.13153076171875
                    ],
                    "transform": [
                        0.9999332427978516,
                        -0.01007538940757513,
                        0.005660646595060825,
                        2.8308024406433105,
                        -0.01007538940757513,
                        -0.5201081037521362,
                        0.8540409207344055,
                        427.0927734375,
                        -0.005660646595060825,
                        -0.8540409207344055,
                        -0.5201748609542847,
                        -260.1314697265625
                    ],
                    "scale": [
                        1,
                        1,
                        1
                    ],
                    "rotation": 0,
                    "weight": [
                        0,
                        0,
                        0,
                        0
                    ],
                    "weightHard": false,
                    "weightScale": [
                        1,
                        1,
                        1
                    ],
                    "mirrored": false,
                    "twinId": 1,
                    "pathable": false,
                    "flooded": false,
                    "mergeable": false,
                    "no_features": false
                },
                {
                    "proj": "BP_Bend",
                    "spec": "/pa/terrain/grass/features/grass_tree_02.json",
                    "height": 500.08465576171875,
                    "op": "BO_Add",
                    "position": [
                        2.8308029174804688,
                        427.0927734375,
                        -260.13153076171875
                    ],
                    "transform": [
                        0.9999332427978516,
                        -0.01007538940757513,
                        0.005660646595060825,
                        2.8308024406433105,
                        -0.01007538940757513,
                        -0.5201081037521362,
                        0.8540409207344055,
                        427.0927734375,
                        0.005660646595060825,
                        0.8540409207344055,
                        0.5201748609542847,
                        260.1314697265625
                    ],
                    "scale": [
                        1,
                        1,
                        1
                    ],
                    "rotation": 0,
                    "weight": [
                        0,
                        0,
                        0,
                        0
                    ],
                    "weightHard": false,
                    "weightScale": [
                        1,
                        1,
                        1
                    ],
                    "mirrored": true,
                    "twinId": 1,
                    "pathable": false,
                    "flooded": false,
                    "mergeable": false,
                    "no_features": false
                },
                {
                    "proj": "BP_Bend",
                    "spec": "/pa/terrain/grass/features/grass_tree_02.json",
                    "height": 499.1639099121094,
                    "op": "BO_Add",
                    "position": [
                        -107.39753723144531,
                        279.4515380859375,
                        -399.42108154296875
                    ],
                    "transform": [
                        0.7683331966400146,
                        0.6028038859367371,
                        -0.21515484154224396,
                        -107.39752960205078,
                        0.6028038859367371,
                        -0.5685133934020996,
                        0.5598391890525818,
                        279.4515075683594,
                        0.21515484154224396,
                        -0.5598391890525818,
                        -0.800180196762085,
                        -399.42108154296875
                    ],
                    "scale": [
                        1,
                        1,
                        1
                    ],
                    "rotation": 0,
                    "weight": [
                        0,
                        0,
                        0,
                        0
                    ],
                    "weightHard": false,
                    "weightScale": [
                        1,
                        1,
                        1
                    ],
                    "mirrored": false,
                    "twinId": 2,
                    "pathable": false,
                    "flooded": false,
                    "mergeable": false,
                    "no_features": false
                },
                {
                    "proj": "BP_Bend",
                    "spec": "/pa/terrain/grass/features/grass_tree_02.json",
                    "height": 499.1639099121094,
                    "op": "BO_Add",
                    "position": [
                        -107.39753723144531,
                        279.4515380859375,
                        -399.42108154296875
                    ],
                    "transform": [
                        0.7683331966400146,
                        0.6028038859367371,
                        -0.21515484154224396,
                        -107.39752197265625,
                        0.6028038859367371,
                        -0.5685133934020996,
                        0.5598391890525818,
                        279.4515075683594,
                        -0.21515484154224396,
                        0.5598391890525818,
                        0.800180196762085,
                        399.42108154296875
                    ],
                    "scale": [
                        1,
                        1,
                        1
                    ],
                    "rotation": 0,
                    "weight": [
                        0,
                        0,
                        0,
                        0
                    ],
                    "weightHard": false,
                    "weightScale": [
                        1,
                        1,
                        1
                    ],
                    "mirrored": true,
                    "twinId": 2,
                    "pathable": false,
                    "flooded": false,
                    "mergeable": false,
                    "no_features": false
                },
                {
                    "proj": "BP_Bend",
                    "spec": "/pa/terrain/moon/brushes/moon_crater_02.json",
                    "height": 461.4580993652344,
                    "op": "BO_Subtract",
                    "position": [
                        -26.166351318359375,
                        -181.55694580078125,
                        -462.4034423828125
                    ],
                    "transform": [
                        3.727656602859497,
                        -1.0570253133773804,
                        -0.2040884792804718,
                        -24.272769927978516,
                        -1.0570253133773804,
                        -3.454242467880249,
                        -1.4160813093185425,
                        -168.418212890625,
                        0.2040884792804718,
                        1.4160813093185425,
                        -3.6065826416015625,
                        -428.9402160644531
                    ],
                    "scale": [
                        3.8799972534179688,
                        3.8799972534179688,
                        3.8799972534179688
                    ],
                    "rotation": 0,
                    "weight": [
                        0,
                        0,
                        0,
                        0
                    ],
                    "weightHard": false,
                    "weightScale": [
                        1,
                        1,
                        1
                    ],
                    "mirrored": false,
                    "twinId": 3,
                    "pathable": true,
                    "flooded": false,
                    "mergeable": true,
                    "no_features": false
                },
                {
                    "proj": "BP_Bend",
                    "spec": "/pa/terrain/moon/brushes/moon_crater_02.json",
                    "height": 461.4580993652344,
                    "op": "BO_Subtract",
                    "position": [
                        -26.166351318359375,
                        -181.55694580078125,
                        -462.4034423828125
                    ],
                    "transform": [
                        3.727656602859497,
                        -1.0570253133773804,
                        -0.2040884792804718,
                        -24.272769927978516,
                        -1.0570253133773804,
                        -3.454242467880249,
                        -1.4160813093185425,
                        -168.418212890625,
                        -0.2040884792804718,
                        -1.4160813093185425,
                        3.6065826416015625,
                        428.9402160644531
                    ],
                    "scale": [
                        3.8799972534179688,
                        3.8799972534179688,
                        3.8799972534179688
                    ],
                    "rotation": 0,
                    "weight": [
                        0,
                        0,
                        0,
                        0
                    ],
                    "weightHard": false,
                    "weightScale": [
                        1,
                        1,
                        1
                    ],
                    "mirrored": true,
                    "twinId": 3,
                    "pathable": true,
                    "flooded": false,
                    "mergeable": true,
                    "no_features": false
                }
            ],
            "metal_spots": [],
            "landing_zones": {
                "list": [],
                "rules": []
            }
        }
    ]
}
